0.15007420210422784, 1.2540725552497713, 1.566810574459656
0.48496578819142455, 0.10854218426327517, 0.43266302857173633
1.0426852315585922, 0.048728431941358785, 0.5238417744604155
0.36542625696081954, 0.014154640669440388, 0.5203721994961052
0.02934090137123757, 0.0008245261775408075, 0.5498329111516539
0.12577639860228107, 0.012246204692331841, 0.5561524974596365
0.38575778134763206, 0.015407322274828106, 0.5638409209030779
0.1674615723995999, 0.0002701338372917972, 0.5557022073235668
0.5823767104102983, 0.0010007156686238083, 0.5539265848048365
0.5814292791436199, 0.01147242824853456, 0.5633897492405827
0.062194309309470897, 0.0038334408448054136, 0.5634013972514942
0.2487870999290578, 0.0015131119835108953, 0.558947393307069
0.6546960941856895, 0.014023680683073692, 0.5707291937831754
0.05400953904299899, 0.002717553624849822, 0.55841610733474
0.3625866891218279, 0.008956372558515557, 0.5626333198849527
0.03903368688851072, 0.0025152490066320254, 0.566161898451245
0.24714269898618813, 0.003180730545289001, 0.5621054915907155
0.09694665105605682, 0.0006136021994834762, 0.562131755373931
0.11762751504555558, 0.00487476861768632, 0.5626789409181874
0.19198474389309617, 0.0009224403052358054, 0.5652310225709408
0.028762521732912272, 0.002284912082591406, 0.5692295586548685
0.1444477279231423, 0.0016912206669575935, 0.564525004433122
0.8585040563499211, 0.009208469099678318, 0.5596954053825786
0.4962143704669092, 0.0020051372691857194, 0.5624134794268447
0.3021227315766716, 0.005743448851253885, 0.5600303776189188
0.04338026941563233, 0.002601074372720724, 0.5644912468994547
0.21004818491256783, 0.0022092652305026883, 0.5663694678662132
0.15985987953935032, 0.0030443554698551534, 0.5642586726662887
0.27303636676308707, 0.0007257784288181579, 0.5640208736973414
0.29592700507738856, 0.00104873951265827, 0.5687609224631288
0.06790773321415522, 0.0007731597241615873, 0.5693435187233203
0.1387018147070722, 0.0016954165055121928, 0.566916151134729
0.09572603584539507, 0.004169667093799068, 0.5642774977253625
0.3361360360821213, 5.728435639951179e-06, 0.5663688823848992
1.231643906113247, 0.001287214588946095, 0.5675389625674397
0.01602338361436706, 0.003901127015241479, 0.565731786482505
0.0024084274102590397, 0.002144941074616269, 0.5684121251005451
0.49364560877385955, 0.002440173631154674, 0.5664964769146388
0.1292729937391115, 0.003963466388079762, 0.5653868787996651
0.00026359041512846737, 5.307117978525788e-05, 0.5691451587062274
0.2891105449260467, 0.0007690829185790227, 0.5683468023825936
0.653311373440544, 0.004830152694506373, 0.5703237689636445
0.7892621034642353, 0.00270780809018234, 0.5676679736892289
0.00010117910856899393, 0.0009898097718246124, 0.56581635195995
0.05411835433881529, 0.0016992765539018961, 0.5701753754556497
0.459231951583135, 0.0028481227664904907, 0.5681909563504406
0.0142212950264754, 0.0005913664929484419, 0.569391599339732
1.0081823951160238, 0.0011465493566262808, 0.5667901999572837
0.47496736808014306, 0.0016964870572402369, 0.5665416943264233
0.2506600429241752, 0.0016930801856661626, 0.5684671310780505
